Enter the size of the map, seperate with space: 5 4
Enter all wall position, sepearte with space and comma: 2 2, 2 3
Enter all goal position and its reward, sepearte with space and comma: 5 3 -3, 5 4 +2, 4 2 +1
Enter the reward in non-terminal state: -0.04
Enter 4 transition probability (Up -> Left -> Right -> Down), sepearate with space: 0.8 0.1 0.1 0
Enter the discount rate: 0.85
Enter the epsilon value: 0.001
################ VALUE ITERATION ###########################

Iteration 0
0 0 0 0 0
0 -------------- 0 0 0
0 -------------- 0 0 0 
0 0 0 0 0

Iteration 1
-0.04000000000000001 -0.04000000000000001 -0.04000000000000001 1.592 0
-0.04000000000000001 -------------- -0.04000000000000001 0.496 0
-0.04000000000000001 -------------- 0.792 0 0.496
-0.04000000000000001 -0.04000000000000001 -0.04000000000000001 0.792 -0.04000000000000001

Iteration 2
-0.07400000000000001 -0.07400000000000001 1.0357599999999998 1.7694800000000002 0
-0.07400000000000001 -------------- 0.53732 0.7431599999999998 0
-0.07400000000000001 -------------- 0.7852000000000001 0 0.49260000000000004 
-0.07400000000000001 -0.07400000000000001 0.5624800000000001 0.7852000000000001 0.53732

Iteration 3
-0.10290000000000003 0.6517367999999999 1.2969582 1.8055744 0
-0.10290000000000003 -------------- 0.7731576 0.9129186 0
-0.10290000000000003 -------------- 0.8854830000000001 0 0.5416722
-0.10290000000000003 0.32990640000000004 0.6084888 0.8854830000000001 0.5814792000000001 

Iteration 4
0.3856880239999999 0.9527268320000001 1.363750435 1.8230719050000002 0
-0.12746500000000002 -------------- 0.985248053 0.9575089880000001 0
-0.12746500000000002 -------------- 0.9094399440000001 0 0.545425732
0.16684335200000006 0.42985647200000004 0.6891160430000002 0.8931472800000001 0.6575963090000001

Iteration 5
0.6298032028 1.04931385724 1.3993537668800002 1.8283493759050002 0
0.20059880631999993 -------------- 1.052484644285 0.9874349799050002 0
0.05178442936000002 -------------- 0.93432094816 0 0.55752667734
0.25564956088000007 0.50167450948 0.7032174092950001 0.90647054992 0.6695970238850001

Iteration 6
0.7441175936983999 1.0899439172092003 1.4116838405644252 1.83134167024385 0
0.42236797497839995 -------------- 1.0849537295345504 0.9967387703796251 0
0.14264505438960004 -------------- 0.9412346745543 0 0.5667157438157
0.3272705556168001 0.5234725049322 0.7155907343292749 0.9086892268203 0.6807054885497249

Iteration 7
0.8003131370397842 1.1052354775093731 1.417526529224231 1.8323868374529955 0 
0.5378025194612399 -------------- 1.0968888740765141 1.0015334027762548 0
0.271459882231544 -------------- 0.9450462794284251 0 0.5750505704381474
0.35590413020444 0.5355920251823809 0.7217733258958865 0.910685178944715 0.6839394789888652

Iteration 8
0.8252999555089606 1.1118080710490705 1.4197483587486002 1.8328832204194863 0
0.5956393614954639 -------------- 1.1022839334049623 1.0032586037645406 0
0.37185389321300566 -------------- 0.9465862869976541 0 0.577958144199671
0.3775285181810777 0.5418565058902076 0.7255650323621323 0.9114855884152039 0.6862800758837022

Iteration 9
0.836809330258744 1.1144362560273902 1.4207333347183035 1.8330720550556423 0
0.622462661200322 -------------- 1.104399999608456 1.0040547242246725 0
0.4282499276631265 -------------- 0.947367162090203 0 0.5797968938578896 
0.39215992897383833 0.5454998280075853 0.7272127531743647 0.9120068342008959 0.6872704488294253

Iteration 10
0.8418547733726459 1.1155528311331029 1.4211253308556113 1.8331557762388269 0
0.6348489969800007 -------------- 1.1053173191342622 1.0043629974045556 0
0.4560770973189505 -------------- 0.9476870839865398 0 0.5806266411819299
0.4006747208593 0.5472396429198574 0.7280977365090588 0.9122310721703222 0.687865371385031

Iteration 11
0.844095745650485 1.116009206274443 1.4212935530915416 1.8331890957596875 0
0.6403855753799993 -------------- 1.105688051887615 1.0044978999688146 0
0.4692304244906222 -------------- 0.9478402797296823 0 0.5811017170422852
0.40494686173065436 0.5481372001225358 0.7284822278935124 0.9123568641709977 0.6881389501440108

Iteration 12
0.8450671725542125 1.1162011811689037 1.4213620215398157 1.8332033946369228 0 
0.6428506548569296 -------------- 1.1058454220100449 1.0045520695270347 0
0.4752313634218052 -------------- 0.9479044737813959 0 0.5813281320465216
0.4070383654121328 0.5485512389884195 0.7286733856811343 0.9124128001331895 0.6882881243471135

Iteration 13
0.8454898185248015 1.1162803754457884 1.421390941054846 1.8332092144539365 0
0.6439302886625425 -------------- 1.1059099614277266 1.0045751692239615 0
0.477927777084419 -------------- 0.9479340986537502 0 0.5814488157799914
0.40800776946301004 0.5487516128912027 0.728756985496686 0.9124417283524011 0.6883580858840278

Iteration 14
0.8456713644140603 1.1163135037430791 1.4214028425396954 1.8332116726126213 0
0.6444012256694971 -------------- 1.1059370760226885 1.0045846125500335 0
0.4791203183948802 -------------- 0.9479466904885752 0 0.5815066477424381
0.40845561822254933 0.548842524329251 0.7287966210902566 0.9124547810673608 0.6883939619210744

Iteration 15
0.8457493527023962 1.1163272285633163 1.4214078304543853 1.8332126842388257 0 
0.6446047361653754 -------------- 1.105948276455674 1.004588588838511 0
0.47964328758238756 -------------- 0.9479523642546004 0 0.5815359591644378
0.40865687115637217 0.5488849314773472 0.7288140204909431 0.912461199555963 0.6884108029472039

Iteration 16
0.8457826129768157 1.116332953564746 1.4214098943697564 1.8332131082115737 0
0.6446923649857431 -------------- 1.105952958258988 1.0045902287811337 0
0.47987057948146106 -------------- 0.9479547952404626 0 0.5815499025330758
0.4087472668973907 0.5489039722849903 0.7288220288309596 0.9124641099922426 0.6884190904775445

Final Value After Convergence
0.8457967815508446 1.1163353302774413 1.4214107560573135 1.8332132836443802 0
0.6447298788718109 -------------- 1.1059548990698445 1.004590915035884 0
0.47996880670215375 -------------- 0.9479558739026456 0 0.5815567232400416
0.40878721809599583 0.5489126548935008 0.7288255477570793 0.9124654951412229 0.6884229592006277

################ POLICY ITERATION ###########################

R R R R T
U -------------- U U T
U -------------- R T D 
R R U U L