Enter the size of the map, seperate with space: 4 3
Enter all wall position, sepearte with space and comma: 2 2
Enter all goal position and its reward, sepearte with space and comma: 4 2 -1, 4 3 +1
Enter the reward in non-terminal state: -0.04
Enter 4 transition probability (Up -> Left -> Right -> Down), sepearate with space: 0.8 0.1 0.1 0
Enter the discount rate: 1
Enter the epsilon value: 0.001
################ VALUE ITERATION ###########################

Iteration 0
0 0 0 0
0 -------------- 0 0
0 0 0 0

Iteration 1
-0.04000000000000001 -0.04000000000000001 0.792 0
-0.04000000000000001 -------------- -0.04000000000000001 0
-0.04000000000000001 -0.04000000000000001 -0.04000000000000001 -0.04000000000000001

Iteration 2
-0.08000000000000003 0.5856 0.8672000000000001 0
-0.08000000000000003 -------------- 0.49360000000000004 0
-0.08000000000000003 -0.08000000000000003 -0.08000000000000003 -0.08000000000000003 

Iteration 3
0.41247999999999996 0.77088 0.92808 0
-0.12000000000000005 -------------- 0.6071200000000002 0
-0.12000000000000005 -0.12000000000000005 0.33888000000000007 -0.12000000000000005

Iteration 4
0.6059519999999999 0.8566400000000001 0.94552 0
0.26598399999999994 -------------- 0.667176 0
-0.1600000000000001 0.20710400000000007 0.4216960000000001 0.12310400000000007

Iteration 5
0.7325056000000001 0.8877440000000001 0.9532696 0 
0.49795839999999997 -------------- 0.6871336000000001 0
0.17749759999999995 0.3387776000000002 0.5267616 0.21366720000000014

Iteration 6
0.7932416000000001 0.9001644800000002 0.95604032 0
0.6455961600000001 -------------- 0.6953290400000002 0
0.40999424000000007 0.44916480000000014 0.5649513600000001 0.30677600000000005

Iteration 7
0.8240153600000002 0.9048651520000002 0.957136936 0
0.7237125120000002 -------------- 0.69836516 0
0.5623928320000001 0.5017940480000002 0.5918573120000001 0.3466386880000001 

Iteration 8
0.8386649088000001 0.9066825792000002 0.9575502096 0
0.7639547904000001 -------------- 0.6995460648 0
0.6453886976000003 0.5338446592000001 0.6035354016000001 0.3721497184000001

Iteration 9
0.8456080332800001 0.90737668352 0.95770962744 0
0.7837228851200001 -------------- 0.69999477416 0
0.6890871680000001 0.5830798899200003 0.6102362896 0.3840432931200001

Iteration 10
0.8488344386560001 0.907643038656 0.95777044016 0
0.7932310036480001 -------------- 0.700167179368 0
0.7141950138880001 0.6278857123840003 0.616708137632 0.3905933609919999

Iteration 11
0.8503209751552001 0.9077449598592 0.9577937619528 0
0.7977137516544002 -------------- 0.7002330700648001 0 
0.7287928755456001 0.6569331535872001 0.621981650832 0.39642584620480004

Iteration 12
0.8509994405683201 0.90778400153408 0.95780268320176 0
0.7997995304550403 -------------- 0.70025831656872 0
0.7367436042368002 0.6744209311539201 0.62552235603104 0.40122790528608

Iteration 13
0.8513070983296 0.9077989468682239 0.9578060999770481 0
0.8007594585456643 -------------- 0.70026797821828 0
0.7409560779031044 0.6842790696202241 0.632114812183112 0.40454067535343996

Iteration 14
0.8514458131821057 0.9078046693552833 0.9578074078195328 0
0.8011975703728129 -------------- 0.7002716778034666 0
0.7431310815888643 0.6896206762465282 0.6406615347363185 0.4101459172818337

Iteration 15
0.8515080738397185 0.9078068601266829 0.9578079085623 0
0.8013961646202472 -------------- 0.7002730940359729 0
0.7442332320817897 0.6924290005203971 0.6457898622512012 0.4175438195172382

Iteration 16
0.8515359119473429 0.9078076988751766 0.9578081002598273 0
0.8014856919958242 -------------- 0.7002736362534373 0
0.7447831549564164 0.6938723857695112 0.6485494960450351 0.42238627175268484

Iteration 17
0.8515483194944581 0.9078080199828973 0.9578081736513264 0
0.8015258679570393 -------------- 0.7002738438332056 0
0.7450541076692521 0.6946010011190353 0.6499802218454562 0.4250782240112966

Iteration 18
0.8515538347314676 0.9078081429176407 0.9578082017484533 0
0.8015438291869743 -------------- 0.7002739233043818 0
0.7451862052444601 0.6949634863592087 0.6507062074630945 0.42649199987749464

Iteration 19
0.8515562807259568 0.9078081899822908 0.9578082125052836 0
0.8015518336225691 -------------- 0.7002739537292009 0
0.7452500325099464 0.6951416614674099 0.6510688021641146 0.42721416595822514

Iteration 20
0.8515573634206853 0.9078082080006851 0.9578082166234485 0
0.8015553913052793 -------------- 0.700273965377147 0
0.7452806362957909 0.695228358301439 0.6512476047632594 0.4275764583271142

Iteration 21
0.8515578418731445 0.907808214898896 0.9578082182000596 0
0.8015569689976042 -------------- 0.7002739698364736 0
0.7452952125039465 0.6952701806969204 0.6513348436551919 0.427755729643319

Iteration 22
0.8515580530061916 0.907808217539827 0.9578082188036534 0
0.8015576672980365 -------------- 0.7002739715436951 0
0.7453021145181702 0.6952902061425413 0.6513770259067029 0.4278434478884854

Iteration 23
0.8515581460622844 0.9078082185508882 0.9578082190347348 0
0.8015579758645606 -------------- 0.7002739721972923 0
0.7453053659045004 0.6952997328430445 0.6513972646590729 0.4278859655142109 

Iteration 24
0.8515581870333951 0.9078082189379655 0.9578082191232027 0
0.8015581120227397 -------------- 0.700273972447517 0
0.745306890566403 0.6953042392922092 0.6514069099600721 0.42790640827867943

Iteration 25
0.8515582050559859 0.9078082190861553 0.957808219157072 0
0.8015581720312641 -------------- 0.7002739725433139 0
0.745307602604053 0.6953063603115642 0.6514114796745262 0.42791616879592564

Iteration 26
0.8515582129776491 0.9078082191428887 0.9578082191700387 0
0.8015581984510416 -------------- 0.700273972579989 0
0.745307933916573 0.6953073541455552 0.6514136334710354 0.42792080061921356

Iteration 27
0.85155821645718 0.9078082191646089 0.9578082191750028 0
0.8015582100723277 -------------- 0.7002739725940299 0
0.7453080875670461 0.6953078179623695 0.6514146439215466 0.42792298683874974 

Iteration 28
0.8515582179846379 0.907808219172924 0.9578082191769033 0
0.8015582151802096 -------------- 0.7002739725994053 0
0.7453081586108038 0.6953080336461108 0.6514151160214532 0.4279240138211122

Iteration 29
0.8515582186548241 0.9078082191761074 0.9578082191776309 0
0.8015582174237523 -------------- 0.7002739726014632 0 
0.7453081913698592 0.6953081336178651 0.6514153357789745 0.4279244941992738

Iteration 30
0.8515582189487436 0.9078082191773262 0.9578082191779095 0
0.8015582184086097 -------------- 0.7002739726022511 0
0.7453082064377743 0.6953081798194602 0.6514154377323358 0.42792471804310706

Iteration 31
0.8515582190775963 0.9078082191777929 0.9578082191780161 0
0.8015582188407169 -------------- 0.7002739726025528 0 
0.7453082133526113 0.6953082011141115 0.6514154848890269 0.42792482199017934

Iteration 32
0.8515582191340656 0.9078082191779714 0.9578082191780569 0
0.8015582190302204 -------------- 0.7002739726026682 0
0.7453082165192457 0.6953082109049114 0.6514155066404471 0.4279248701102395

Iteration 33
0.8515582191588057 0.9078082191780398 0.9578082191780726 0
0.8015582191132966 -------------- 0.7002739726027124 0
0.7453082179665921 0.6953082153963789 0.6514155166482406 0.4279248923233817

Iteration 34
0.851558219169642 0.9078082191780661 0.9578082191780786 0
0.8015582191497038 -------------- 0.7002739726027293 0
0.7453082186269343 0.6953082174525493 0.6514155212421984 0.42792490255093063

Iteration 35
0.8515582191743876 0.9078082191780761 0.9578082191780809 0
0.8015582191656544 -------------- 0.7002739726027358 0 
0.7453082189277115 0.6953082183920573 0.6514155233465322 0.4279249072488518

Iteration 36
0.8515582191764651 0.9078082191780801 0.9578082191780818 0
0.8015582191726409 -------------- 0.7002739726027384 0
0.7453082190645004 0.6953082188205806 0.6514155243085726 0.4279249094021109

Iteration 37
0.8515582191773746 0.9078082191780814 0.9578082191780821 0
0.8015582191757004 -------------- 0.7002739726027393 0 
0.7453082191266208 0.6953082190157164 0.6514155247475956 0.42792491038706926

Iteration 38
0.8515582191777726 0.907808219178082 0.9578082191780822 0
0.8015582191770396 -------------- 0.7002739726027397 0
0.7453082191547941 0.69530821910444 0.6514155249476067 0.4279249108367834

Iteration 39
0.8515582191779468 0.9078082191780823 0.9578082191780822 0
0.801558219177626 -------------- 0.7002739726027398 0
0.7453082191675552 0.6953082191447233 0.6514155250385866 0.42792491104176367

Iteration 40
0.8515582191780231 0.9078082191780823 0.9578082191780822 0
0.8015582191778827 -------------- 0.7002739726027398 0
0.7453082191733287 0.6953082191629888 0.6514155250799113 0.4279249111350457

Iteration 41
0.8515582191780564 0.9078082191780823 0.9578082191780822 0
0.801558219177995 -------------- 0.7002739726027398 0 
0.7453082191759379 0.6953082191712607 0.6514155250986561 0.4279249111774336

Iteration 42
0.851558219178071 0.9078082191780823 0.9578082191780822 0
0.801558219178044 -------------- 0.7002739726027398 0
0.7453082191771159 0.6953082191750025 0.6514155251071482 0.4279249111966683

Iteration 43
0.8515582191780773 0.9078082191780823 0.9578082191780822 0
0.8015582191780657 -------------- 0.7002739726027398 0
0.745308219177647 0.6953082191766932 0.6514155251109908 0.42792491120538545

Iteration 44
0.8515582191780801 0.9078082191780823 0.9578082191780822 0
0.801558219178075 -------------- 0.7002739726027398 0
0.7453082191778866 0.6953082191774563 0.6514155251127276 0.4279249112093312

Iteration 45
0.8515582191780813 0.9078082191780823 0.9578082191780822 0
0.8015582191780792 -------------- 0.7002739726027398 0
0.7453082191779944 0.6953082191778005 0.6514155251135118 0.4279249112111152

Iteration 46
0.8515582191780818 0.9078082191780823 0.9578082191780822 0
0.8015582191780808 -------------- 0.7002739726027398 0
0.7453082191780429 0.6953082191779556 0.6514155251138655 0.4279249112119209

Iteration 47
0.851558219178082 0.9078082191780823 0.9578082191780822 0
0.8015582191780817 -------------- 0.7002739726027398 0
0.7453082191780644 0.6953082191780254 0.651415525114025 0.4279249112122845

Iteration 48
0.8515582191780822 0.9078082191780823 0.9578082191780822 0 
0.8015582191780821 -------------- 0.7002739726027398 0
0.7453082191780744 0.6953082191780567 0.6514155251140968 0.42792491121244847

Iteration 49
0.8515582191780823 0.9078082191780823 0.9578082191780822 0
0.8015582191780822 -------------- 0.7002739726027398 0
0.7453082191780789 0.695308219178071 0.651415525114129 0.4279249112125223

Iteration 50
0.8515582191780823 0.9078082191780823 0.9578082191780822 0
0.8015582191780823 -------------- 0.7002739726027398 0
0.7453082191780809 0.6953082191780774 0.6514155251141437 0.4279249112125555

Iteration 51
0.8515582191780823 0.9078082191780823 0.9578082191780822 0
0.8015582191780823 -------------- 0.7002739726027398 0
0.7453082191780818 0.6953082191780802 0.6514155251141502 0.4279249112125706

Iteration 52
0.8515582191780823 0.9078082191780823 0.9578082191780822 0
0.8015582191780823 -------------- 0.7002739726027398 0
0.745308219178082 0.6953082191780814 0.6514155251141531 0.42792491121257725

Iteration 53
0.8515582191780823 0.9078082191780823 0.9578082191780822 0
0.8015582191780823 -------------- 0.7002739726027398 0
0.7453082191780822 0.6953082191780818 0.6514155251141543 0.42792491121258025

Iteration 54
0.8515582191780823 0.9078082191780823 0.9578082191780822 0
0.8015582191780823 -------------- 0.7002739726027398 0
0.7453082191780822 0.6953082191780822 0.6514155251141548 0.42792491121258147

Iteration 55
0.8515582191780823 0.9078082191780823 0.9578082191780822 0
0.8015582191780823 -------------- 0.7002739726027398 0
0.7453082191780823 0.6953082191780823 0.6514155251141552 0.427924911212582

Iteration 56
0.8515582191780823 0.9078082191780823 0.9578082191780822 0
0.8015582191780823 -------------- 0.7002739726027398 0
0.7453082191780823 0.6953082191780823 0.6514155251141552 0.42792491121258236

Iteration 57
0.8515582191780823 0.9078082191780823 0.9578082191780822 0
0.8015582191780823 -------------- 0.7002739726027398 0
0.7453082191780823 0.6953082191780823 0.6514155251141552 0.42792491121258247

Final Value After Convergence
0.8515582191780823 0.9078082191780823 0.9578082191780822 0
0.8015582191780823 -------------- 0.7002739726027398 0
0.7453082191780823 0.6953082191780823 0.6514155251141552 0.42792491121258247

################ POLICY ITERATION ###########################

R R R T
U -------------- U T
U L L L